R =

    1.0000    0.9979
    0.9979    1.0000
senx/x

R =

    1.0000    0.9971
    0.9971    1.0000
x^2